function retVal = dJ1_RootDivRad(num, radius)
    dJ1Roots = [
            1.84118
            5.33144
            8.53632
            11.706
            14.86359
            18.01553
            21.16437
            24.31133
            27.45705
            30.60192
            33.74618
            36.88999
            40.03344
            43.17663
            46.3196
            49.46239
            52.60604
            55.74757
            58.89
            62.03235
            65.17462
            68.31683
            71.45899
            74.6011
            77.74316
            80.8852
            84.02719
            87.16916
            90.3111
            93.45302
            ];
    retVal = dJ1Roots(1:num)' ./ radius;
